801749238
4294173040
179499085
885948666
4134300925
2192431277
1344603598
2767379775
1035079885
1924036850
278414724
1704438199
3539354111
2729821939
229388068
272258166
2363205159
1781966166
2065945685
2484847154
1750711257
3272294228
4245634636
2532063236
1506543598
142139732
2007642520
3047659832
1379171871
4080431630
2873398833
416919935
221380054
3602665441
1292417713
1148335033
696937474
1018799295
419816682
1744838408
2790843943
1045585402
1458318846
1273003579
3424571830
1915317340
2341943180
758974343
977549866
197370765
4222056438
1589842272
4260398598
2546590027
2313562038
3070458905
3543873810
4179754316
1231023400
2697793029
1293968171
359219301
16626576
1281615265
2030760808
457388406
1511854746
2424002836
1531252155
265416260
1843559586
39049299
1720496482
3434776095
2728326314
778262037
3717174726
1502494489
697079482
3505488903
78522681
3894446510
4136778214
4075974580
861326467
293719521
2977827479
3894383776
3379365210
2301874194
2089798914
2313497343
2112143503
3292856454
3856887282
1745283576
321369807
4228791836
579798485
844038171
3526053535
1264868276
2974717438
4217966078
3751586516
991043410
1621919883
4265473680
4091329798
1731058708
1246995145
3978568211
1609584809
681181670
2509650690
557640877
4149796273
2646194789
3414664648
3846710808
1661866616
239238653
691149087
4175786619
2947611842
1115019596
2233261262
3128963308
3393899810
1839514219
1756103861
1727986298
3427395145
2050979535
1928391227
1415872748
3060997010
3157479681
2009904350
2363980625
3881399470
3286791047
2014567419
2526341371
2689864598
3793566296
1922811423
166470569
2104874538
254665980
